2024/11/28-23:00:47.568802 180c RocksDB version: 8.1.1
2024/11/28-23:00:47.568896 180c Compile date 2023-04-06 16:38:52
2024/11/28-23:00:47.568934 180c DB SUMMARY
2024/11/28-23:00:47.568959 180c DB Session ID:  98Z10SJZOXM274ZQ6952
2024/11/28-23:00:47.572214 180c CURRENT file:  CURRENT
2024/11/28-23:00:47.572252 180c IDENTITY file:  IDENTITY
2024/11/28-23:00:47.572343 180c MANIFEST file:  MANIFEST-000097 size: 435 Bytes
2024/11/28-23:00:47.572362 180c SST files in D:\Data\PyCharmProjects\MAS-sentiment-analysis\sent_analysis\MAS-embeded-sentiment-analysis\iota_env/example-walletdb dir, Total Num: 3, files: 000087.sst 000090.sst 000095.sst 
2024/11/28-23:00:47.572377 180c Write Ahead Log file in D:\Data\PyCharmProjects\MAS-sentiment-analysis\sent_analysis\MAS-embeded-sentiment-analysis\iota_env/example-walletdb: 000096.log size: 3195759 ; 
2024/11/28-23:00:47.577641 180c                         Options.error_if_exists: 0
2024/11/28-23:00:47.577658 180c                       Options.create_if_missing: 1
2024/11/28-23:00:47.577664 180c                         Options.paranoid_checks: 1
2024/11/28-23:00:47.577670 180c             Options.flush_verify_memtable_count: 1
2024/11/28-23:00:47.577675 180c                               Options.track_and_verify_wals_in_manifest: 0
2024/11/28-23:00:47.577681 180c        Options.verify_sst_unique_id_in_manifest: 1
2024/11/28-23:00:47.577686 180c                                     Options.env: 0000028F93AEAB50
2024/11/28-23:00:47.577692 180c                                      Options.fs: WinFS
2024/11/28-23:00:47.577698 180c                                Options.info_log: 0000028F94D7A660
2024/11/28-23:00:47.577703 180c                Options.max_file_opening_threads: 16
2024/11/28-23:00:47.577709 180c                              Options.statistics: 0000000000000000
2024/11/28-23:00:47.577717 180c                               Options.use_fsync: 0
2024/11/28-23:00:47.577726 180c                       Options.max_log_file_size: 0
2024/11/28-23:00:47.577733 180c                  Options.max_manifest_file_size: 1073741824
2024/11/28-23:00:47.577738 180c                   Options.log_file_time_to_roll: 0
2024/11/28-23:00:47.577744 180c                       Options.keep_log_file_num: 1000
2024/11/28-23:00:47.577749 180c                    Options.recycle_log_file_num: 0
2024/11/28-23:00:47.577754 180c                         Options.allow_fallocate: 1
2024/11/28-23:00:47.577759 180c                        Options.allow_mmap_reads: 0
2024/11/28-23:00:47.577764 180c                       Options.allow_mmap_writes: 0
2024/11/28-23:00:47.577769 180c                        Options.use_direct_reads: 0
2024/11/28-23:00:47.577777 180c                        Options.use_direct_io_for_flush_and_compaction: 0
2024/11/28-23:00:47.577785 180c          Options.create_missing_column_families: 1
2024/11/28-23:00:47.577793 180c                              Options.db_log_dir: 
2024/11/28-23:00:47.577803 180c                                 Options.wal_dir: 
2024/11/28-23:00:47.577810 180c                Options.table_cache_numshardbits: 6
2024/11/28-23:00:47.577843 180c                         Options.WAL_ttl_seconds: 0
2024/11/28-23:00:47.577862 180c                       Options.WAL_size_limit_MB: 0
2024/11/28-23:00:47.577872 180c                        Options.max_write_batch_group_size_bytes: 1048576
2024/11/28-23:00:47.577880 180c             Options.manifest_preallocation_size: 4194304
2024/11/28-23:00:47.577895 180c                     Options.is_fd_close_on_exec: 1
2024/11/28-23:00:47.577909 180c                   Options.advise_random_on_open: 1
2024/11/28-23:00:47.577920 180c                    Options.db_write_buffer_size: 0
2024/11/28-23:00:47.577928 180c                    Options.write_buffer_manager: 0000028F9543ABC0
2024/11/28-23:00:47.577936 180c         Options.access_hint_on_compaction_start: 1
2024/11/28-23:00:47.577944 180c           Options.random_access_max_buffer_size: 1048576
2024/11/28-23:00:47.577956 180c                      Options.use_adaptive_mutex: 0
2024/11/28-23:00:47.577968 180c                            Options.rate_limiter: 0000000000000000
2024/11/28-23:00:47.578075 180c     Options.sst_file_manager.rate_bytes_per_sec: 0
2024/11/28-23:00:47.578099 180c                       Options.wal_recovery_mode: 2
2024/11/28-23:00:47.578115 180c                  Options.enable_thread_tracking: 0
2024/11/28-23:00:47.578124 180c                  Options.enable_pipelined_write: 0
2024/11/28-23:00:47.578132 180c                  Options.unordered_write: 0
2024/11/28-23:00:47.578140 180c         Options.allow_concurrent_memtable_write: 1
2024/11/28-23:00:47.578154 180c      Options.enable_write_thread_adaptive_yield: 1
2024/11/28-23:00:47.578188 180c             Options.write_thread_max_yield_usec: 100
2024/11/28-23:00:47.578197 180c            Options.write_thread_slow_yield_usec: 3
2024/11/28-23:00:47.578205 180c                               Options.row_cache: None
2024/11/28-23:00:47.578213 180c                              Options.wal_filter: None
2024/11/28-23:00:47.578221 180c             Options.avoid_flush_during_recovery: 0
2024/11/28-23:00:47.578228 180c             Options.allow_ingest_behind: 0
2024/11/28-23:00:47.578236 180c             Options.two_write_queues: 0
2024/11/28-23:00:47.578265 180c             Options.manual_wal_flush: 0
2024/11/28-23:00:47.578451 180c             Options.wal_compression: 0
2024/11/28-23:00:47.578463 180c             Options.atomic_flush: 0
2024/11/28-23:00:47.578472 180c             Options.avoid_unnecessary_blocking_io: 0
2024/11/28-23:00:47.578481 180c                 Options.persist_stats_to_disk: 0
2024/11/28-23:00:47.578490 180c                 Options.write_dbid_to_manifest: 0
2024/11/28-23:00:47.578497 180c                 Options.log_readahead_size: 0
2024/11/28-23:00:47.578505 180c                 Options.file_checksum_gen_factory: Unknown
2024/11/28-23:00:47.578513 180c                 Options.best_efforts_recovery: 0
2024/11/28-23:00:47.578520 180c                Options.max_bgerror_resume_count: 2147483647
2024/11/28-23:00:47.578528 180c            Options.bgerror_resume_retry_interval: 1000000
2024/11/28-23:00:47.578537 180c             Options.allow_data_in_errors: 0
2024/11/28-23:00:47.578544 180c             Options.db_host_id: __hostname__
2024/11/28-23:00:47.578551 180c             Options.enforce_single_del_contracts: true
2024/11/28-23:00:47.578560 180c             Options.max_background_jobs: 2
2024/11/28-23:00:47.578571 180c             Options.max_background_compactions: -1
2024/11/28-23:00:47.578580 180c             Options.max_subcompactions: 1
2024/11/28-23:00:47.578593 180c             Options.avoid_flush_during_shutdown: 0
2024/11/28-23:00:47.578602 180c           Options.writable_file_max_buffer_size: 1048576
2024/11/28-23:00:47.578613 180c             Options.delayed_write_rate : 16777216
2024/11/28-23:00:47.578622 180c             Options.max_total_wal_size: 0
2024/11/28-23:00:47.578632 180c             Options.delete_obsolete_files_period_micros: 21600000000
2024/11/28-23:00:47.578642 180c                   Options.stats_dump_period_sec: 600
2024/11/28-23:00:47.578651 180c                 Options.stats_persist_period_sec: 600
2024/11/28-23:00:47.578659 180c                 Options.stats_history_buffer_size: 1048576
2024/11/28-23:00:47.578667 180c                          Options.max_open_files: -1
2024/11/28-23:00:47.578678 180c                          Options.bytes_per_sync: 0
2024/11/28-23:00:47.578688 180c                      Options.wal_bytes_per_sync: 0
2024/11/28-23:00:47.578698 180c                   Options.strict_bytes_per_sync: 0
2024/11/28-23:00:47.578713 180c       Options.compaction_readahead_size: 0
2024/11/28-23:00:47.578722 180c                  Options.max_background_flushes: -1
2024/11/28-23:00:47.578731 180c Compression algorithms supported:
2024/11/28-23:00:47.578749 180c 	kZSTD supported: 0
2024/11/28-23:00:47.578759 180c 	kSnappyCompression supported: 0
2024/11/28-23:00:47.578774 180c 	kBZip2Compression supported: 0
2024/11/28-23:00:47.578783 180c 	kZlibCompression supported: 0
2024/11/28-23:00:47.578792 180c 	kLZ4Compression supported: 1
2024/11/28-23:00:47.579291 180c 	kXpressCompression supported: 0
2024/11/28-23:00:47.579311 180c 	kLZ4HCCompression supported: 1
2024/11/28-23:00:47.579321 180c 	kZSTDNotFinalCompression supported: 0
2024/11/28-23:00:47.579340 180c Fast CRC32 supported: Not supported on x86
2024/11/28-23:00:47.579350 180c DMutex implementation: std::mutex
2024/11/28-23:00:47.581022 180c [db/version_set.cc:5662] Recovering from manifest file: D:\Data\PyCharmProjects\MAS-sentiment-analysis\sent_analysis\MAS-embeded-sentiment-analysis\iota_env/example-walletdb/MANIFEST-000097
2024/11/28-23:00:47.581348 180c [db/column_family.cc:621] --------------- Options for column family [default]:
2024/11/28-23:00:47.581364 180c               Options.comparator: leveldb.BytewiseComparator
2024/11/28-23:00:47.581370 180c           Options.merge_operator: None
2024/11/28-23:00:47.581376 180c        Options.compaction_filter: None
2024/11/28-23:00:47.581380 180c        Options.compaction_filter_factory: None
2024/11/28-23:00:47.581385 180c  Options.sst_partitioner_factory: None
2024/11/28-23:00:47.581390 180c         Options.memtable_factory: SkipListFactory
2024/11/28-23:00:47.581395 180c            Options.table_factory: BlockBasedTable
2024/11/28-23:00:47.581438 180c            table_factory options:   flush_block_policy_factory: FlushBlockBySizePolicyFactory (0000028F953876B0)
  cache_index_and_filter_blocks: 0
  cache_index_and_filter_blocks_with_high_priority: 1
  pin_l0_filter_and_index_blocks_in_cache: 0
  pin_top_level_index_and_filter: 1
  index_type: 0
  data_block_index_type: 0
  index_shortening: 1
  data_block_hash_table_util_ratio: 0.750000
  checksum: 4
  no_block_cache: 0
  block_cache: 0000028F93AEAE30
  block_cache_name: LRUCache
  block_cache_options:
    capacity : 8388608
    num_shard_bits : 4
    strict_capacity_limit : 0
    memory_allocator : None
    high_pri_pool_ratio: 0.000
    low_pri_pool_ratio: 0.000
  persistent_cache: 0000000000000000
  block_size: 4096
  block_size_deviation: 10
  block_restart_interval: 16
  index_block_restart_interval: 1
  metadata_block_size: 4096
  partition_filters: 0
  use_delta_encoding: 1
  filter_policy: nullptr
  whole_key_filtering: 1
  verify_compression: 0
  read_amp_bytes_per_bit: 0
  format_version: 5
  enable_index_compression: 1
  block_align: 0
  max_auto_readahead_size: 262144
  prepopulate_block_cache: 0
  initial_auto_readahead_size: 8192
  num_file_reads_for_auto_readahead: 2
2024/11/28-23:00:47.581444 180c        Options.write_buffer_size: 67108864
2024/11/28-23:00:47.581450 180c  Options.max_write_buffer_number: 2
2024/11/28-23:00:47.581455 180c          Options.compression: LZ4
2024/11/28-23:00:47.581460 180c                  Options.bottommost_compression: Disabled
2024/11/28-23:00:47.581465 180c       Options.prefix_extractor: nullptr
2024/11/28-23:00:47.581470 180c   Options.memtable_insert_with_hint_prefix_extractor: nullptr
2024/11/28-23:00:47.581475 180c             Options.num_levels: 7
2024/11/28-23:00:47.581479 180c        Options.min_write_buffer_number_to_merge: 1
2024/11/28-23:00:47.581484 180c     Options.max_write_buffer_number_to_maintain: 0
2024/11/28-23:00:47.581489 180c     Options.max_write_buffer_size_to_maintain: 0
2024/11/28-23:00:47.581494 180c            Options.bottommost_compression_opts.window_bits: -14
2024/11/28-23:00:47.581499 180c                  Options.bottommost_compression_opts.level: 32767
2024/11/28-23:00:47.581504 180c               Options.bottommost_compression_opts.strategy: 0
2024/11/28-23:00:47.581509 180c         Options.bottommost_compression_opts.max_dict_bytes: 0
2024/11/28-23:00:47.581514 180c         Options.bottommost_compression_opts.zstd_max_train_bytes: 0
2024/11/28-23:00:47.581519 180c         Options.bottommost_compression_opts.parallel_threads: 1
2024/11/28-23:00:47.581524 180c                  Options.bottommost_compression_opts.enabled: false
2024/11/28-23:00:47.581529 180c         Options.bottommost_compression_opts.max_dict_buffer_bytes: 0
2024/11/28-23:00:47.581534 180c         Options.bottommost_compression_opts.use_zstd_dict_trainer: true
2024/11/28-23:00:47.581543 180c            Options.compression_opts.window_bits: -14
2024/11/28-23:00:47.581549 180c                  Options.compression_opts.level: 32767
2024/11/28-23:00:47.581554 180c               Options.compression_opts.strategy: 0
2024/11/28-23:00:47.581559 180c         Options.compression_opts.max_dict_bytes: 0
2024/11/28-23:00:47.581564 180c         Options.compression_opts.zstd_max_train_bytes: 0
2024/11/28-23:00:47.581569 180c         Options.compression_opts.use_zstd_dict_trainer: true
2024/11/28-23:00:47.581574 180c         Options.compression_opts.parallel_threads: 1
2024/11/28-23:00:47.581579 180c                  Options.compression_opts.enabled: false
2024/11/28-23:00:47.581584 180c         Options.compression_opts.max_dict_buffer_bytes: 0
2024/11/28-23:00:47.581589 180c      Options.level0_file_num_compaction_trigger: 4
2024/11/28-23:00:47.581594 180c          Options.level0_slowdown_writes_trigger: 20
2024/11/28-23:00:47.581599 180c              Options.level0_stop_writes_trigger: 36
2024/11/28-23:00:47.581603 180c                   Options.target_file_size_base: 67108864
2024/11/28-23:00:47.581608 180c             Options.target_file_size_multiplier: 1
2024/11/28-23:00:47.581613 180c                Options.max_bytes_for_level_base: 268435456
2024/11/28-23:00:47.581618 180c Options.level_compaction_dynamic_level_bytes: 0
2024/11/28-23:00:47.581623 180c          Options.max_bytes_for_level_multiplier: 10.000000
2024/11/28-23:00:47.581629 180c Options.max_bytes_for_level_multiplier_addtl[0]: 1
2024/11/28-23:00:47.581634 180c Options.max_bytes_for_level_multiplier_addtl[1]: 1
2024/11/28-23:00:47.581639 180c Options.max_bytes_for_level_multiplier_addtl[2]: 1
2024/11/28-23:00:47.581644 180c Options.max_bytes_for_level_multiplier_addtl[3]: 1
2024/11/28-23:00:47.581649 180c Options.max_bytes_for_level_multiplier_addtl[4]: 1
2024/11/28-23:00:47.581654 180c Options.max_bytes_for_level_multiplier_addtl[5]: 1
2024/11/28-23:00:47.581659 180c Options.max_bytes_for_level_multiplier_addtl[6]: 1
2024/11/28-23:00:47.581664 180c       Options.max_sequential_skip_in_iterations: 8
2024/11/28-23:00:47.581673 180c                    Options.max_compaction_bytes: 1677721600
2024/11/28-23:00:47.581695 180c   Options.ignore_max_compaction_bytes_for_input: true
2024/11/28-23:00:47.581700 180c                        Options.arena_block_size: 1048576
2024/11/28-23:00:47.581705 180c   Options.soft_pending_compaction_bytes_limit: 68719476736
2024/11/28-23:00:47.581710 180c   Options.hard_pending_compaction_bytes_limit: 274877906944
2024/11/28-23:00:47.581715 180c                Options.disable_auto_compactions: 0
2024/11/28-23:00:47.581720 180c                        Options.compaction_style: kCompactionStyleLevel
2024/11/28-23:00:47.581737 180c                          Options.compaction_pri: kMinOverlappingRatio
2024/11/28-23:00:47.581747 180c Options.compaction_options_universal.size_ratio: 1
2024/11/28-23:00:47.581755 180c Options.compaction_options_universal.min_merge_width: 2
2024/11/28-23:00:47.581764 180c Options.compaction_options_universal.max_merge_width: 4294967295
2024/11/28-23:00:47.581772 180c Options.compaction_options_universal.max_size_amplification_percent: 200
2024/11/28-23:00:47.581783 180c Options.compaction_options_universal.compression_size_percent: -1
2024/11/28-23:00:47.581794 180c Options.compaction_options_universal.stop_style: kCompactionStopStyleTotalSize
2024/11/28-23:00:47.581814 180c Options.compaction_options_fifo.max_table_files_size: 1073741824
2024/11/28-23:00:47.581819 180c Options.compaction_options_fifo.allow_compaction: 0
2024/11/28-23:00:47.581826 180c                   Options.table_properties_collectors: 
2024/11/28-23:00:47.581831 180c                   Options.inplace_update_support: 0
2024/11/28-23:00:47.581836 180c                 Options.inplace_update_num_locks: 10000
2024/11/28-23:00:47.581841 180c               Options.memtable_prefix_bloom_size_ratio: 0.000000
2024/11/28-23:00:47.581847 180c               Options.memtable_whole_key_filtering: 0
2024/11/28-23:00:47.581896 180c   Options.memtable_huge_page_size: 0
2024/11/28-23:00:47.581904 180c                           Options.bloom_locality: 0
2024/11/28-23:00:47.581909 180c                    Options.max_successive_merges: 0
2024/11/28-23:00:47.581914 180c                Options.optimize_filters_for_hits: 0
2024/11/28-23:00:47.581919 180c                Options.paranoid_file_checks: 0
2024/11/28-23:00:47.581924 180c                Options.force_consistency_checks: 1
2024/11/28-23:00:47.581928 180c                Options.report_bg_io_stats: 0
2024/11/28-23:00:47.581933 180c                               Options.ttl: 2592000
2024/11/28-23:00:47.581938 180c          Options.periodic_compaction_seconds: 0
2024/11/28-23:00:47.581943 180c  Options.preclude_last_level_data_seconds: 0
2024/11/28-23:00:47.581948 180c    Options.preserve_internal_time_seconds: 0
2024/11/28-23:00:47.581953 180c                       Options.enable_blob_files: false
2024/11/28-23:00:47.581958 180c                           Options.min_blob_size: 0
2024/11/28-23:00:47.581963 180c                          Options.blob_file_size: 268435456
2024/11/28-23:00:47.581968 180c                   Options.blob_compression_type: NoCompression
2024/11/28-23:00:47.581973 180c          Options.enable_blob_garbage_collection: false
2024/11/28-23:00:47.581978 180c      Options.blob_garbage_collection_age_cutoff: 0.250000
2024/11/28-23:00:47.581984 180c Options.blob_garbage_collection_force_threshold: 1.000000
2024/11/28-23:00:47.581990 180c          Options.blob_compaction_readahead_size: 0
2024/11/28-23:00:47.581995 180c                Options.blob_file_starting_level: 0
2024/11/28-23:00:47.582000 180c Options.experimental_mempurge_threshold: 0.000000
2024/11/28-23:00:47.594403 180c [db/version_set.cc:5713] Recovered from manifest file:D:\Data\PyCharmProjects\MAS-sentiment-analysis\sent_analysis\MAS-embeded-sentiment-analysis\iota_env/example-walletdb/MANIFEST-000097 succeeded,manifest_file_number is 97, next_file_number is 99, last_sequence is 66, log_number is 92,prev_log_number is 0,max_column_family is 0,min_log_number_to_keep is 92
2024/11/28-23:00:47.594433 180c [db/version_set.cc:5722] Column family [default] (ID 0), log number is 92
2024/11/28-23:00:47.595104 180c [db/db_impl/db_impl_open.cc:537] DB ID: 54b74fd4-9125-11ef-8a18-7cb0c264829a
2024/11/28-23:00:47.601422 180c EVENT_LOG_v1 {"time_micros": 1732831247601363, "job": 1, "event": "recovery_started", "wal_files": [96]}
2024/11/28-23:00:47.601448 180c [db/db_impl/db_impl_open.cc:1031] Recovering log #96 mode 2
2024/11/28-23:00:47.624230 180c EVENT_LOG_v1 {"time_micros": 1732831247624099, "cf_name": "default", "job": 1, "event": "table_file_creation", "file_number": 100, "file_size": 331628, "file_checksum": "", "file_checksum_func_name": "Unknown", "smallest_seqno": 67, "largest_seqno": 72, "table_properties": {"data_size": 330624, "index_size": 65, "index_partitions": 0, "top_level_index_size": 0, "index_key_is_user_key": 1, "index_value_is_delta_encoded": 1, "filter_size": 0, "raw_key_size": 114, "raw_average_key_size": 28, "raw_value_size": 1597870, "raw_average_value_size": 399467, "num_data_blocks": 2, "num_entries": 4, "num_filter_entries": 0, "num_deletions": 0, "num_merge_operands": 0, "num_range_deletions": 0, "format_version": 0, "fixed_key_len": 0, "filter_policy": "", "column_family_name": "default", "column_family_id": 0, "comparator": "leveldb.BytewiseComparator", "merge_operator": "nullptr", "prefix_extractor_name": "nullptr", "property_collectors": "[]", "compression": "LZ4", "compression_options": "window_bits=-14; level=32767; strategy=0; max_dict_bytes=0; zstd_max_train_bytes=0; enabled=0; max_dict_buffer_bytes=0; use_zstd_dict_trainer=1; ", "creation_time": 1732831247, "oldest_key_time": 0, "file_creation_time": 0, "slow_compression_estimated_data_size": 0, "fast_compression_estimated_data_size": 0, "db_id": "54b74fd4-9125-11ef-8a18-7cb0c264829a", "db_session_id": "98Z10SJZOXM274ZQ6952", "orig_file_number": 100, "seqno_to_time_mapping": "N/A"}}
2024/11/28-23:00:47.626706 180c EVENT_LOG_v1 {"time_micros": 1732831247626694, "job": 1, "event": "recovery_finished"}
2024/11/28-23:00:47.627386 180c [db/version_set.cc:5180] Creating manifest 102
2024/11/28-23:00:47.647147 180c [file/delete_scheduler.cc:77] Deleted file D:\Data\PyCharmProjects\MAS-sentiment-analysis\sent_analysis\MAS-embeded-sentiment-analysis\iota_env/example-walletdb/000096.log immediately, rate_bytes_per_sec 0, total_trash_size 0 max_trash_db_ratio 0.250000
2024/11/28-23:00:47.647245 180c [db/db_impl/db_impl_open.cc:1977] SstFileManager instance 0000028F9507FE20
2024/11/28-23:00:47.647470 3e28 (Original Log Time 2024/11/28-23:00:47.647380) [db/db_impl/db_impl_compaction_flush.cc:3362] Compaction nothing to do
2024/11/28-23:00:47.650533 180c DB pointer 0000028F95435740
2024/11/28-23:00:47.651217 5ec [db/db_impl/db_impl.cc:1085] ------- DUMPING STATS -------
2024/11/28-23:00:47.651242 5ec [db/db_impl/db_impl.cc:1086] 
** DB Stats **
Uptime(secs): 0.1 total, 0.1 interval
Cumulative writes: 0 writes, 0 keys, 0 commit groups, 0.0 writes per commit group, ingest: 0.00 GB, 0.00 MB/s
Cumulative WAL: 0 writes, 0 syncs, 0.00 writes per sync, written: 0.00 GB, 0.00 MB/s
Cumulative stall: 00:00:0.000 H:M:S, 0.0 percent
Interval writes: 0 writes, 0 keys, 0 commit groups, 0.0 writes per commit group, ingest: 0.00 MB, 0.00 MB/s
Interval WAL: 0 writes, 0 syncs, 0.00 writes per sync, written: 0.00 GB, 0.00 MB/s
Interval stall: 00:00:0.000 H:M:S, 0.0 percent
Write Stall (count): write-buffer-manager-limit-stops: 0, 
** Compaction Stats [default] **
Level    Files   Size     Score Read(GB)  Rn(GB) Rnp1(GB) Write(GB) Wnew(GB) Moved(GB) W-Amp Rd(MB/s) Wr(MB/s) Comp(sec) CompMergeCPU(sec) Comp(cnt) Avg(sec) KeyIn KeyDrop Rblob(GB) Wblob(GB)
------------------------------------------------------------------------------------------------------------------------------------------------------------------------------------------------
  L0      3/0   648.37 KB   0.8      0.0     0.0      0.0       0.0      0.0       0.0   1.0      0.0     37.6      0.01              0.00         1    0.008       0      0       0.0       0.0
  L1      1/0   311.58 KB   0.0      0.0     0.0      0.0       0.0      0.0       0.0   0.0      0.0      0.0      0.00              0.00         0    0.000       0      0       0.0       0.0
 Sum      4/0   959.95 KB   0.0      0.0     0.0      0.0       0.0      0.0       0.0   1.0      0.0     37.6      0.01              0.00         1    0.008       0      0       0.0       0.0
 Int      0/0    0.00 KB   0.0      0.0     0.0      0.0       0.0      0.0       0.0   1.0      0.0     37.6      0.01              0.00         1    0.008       0      0       0.0       0.0

** Compaction Stats [default] **
Priority    Files   Size     Score Read(GB)  Rn(GB) Rnp1(GB) Write(GB) Wnew(GB) Moved(GB) W-Amp Rd(MB/s) Wr(MB/s) Comp(sec) CompMergeCPU(sec) Comp(cnt) Avg(sec) KeyIn KeyDrop Rblob(GB) Wblob(GB)
---------------------------------------------------------------------------------------------------------------------------------------------------------------------------------------------------
User      0/0    0.00 KB   0.0      0.0     0.0      0.0       0.0      0.0       0.0   0.0      0.0     37.6      0.01              0.00         1    0.008       0      0       0.0       0.0

Blob file count: 0, total size: 0.0 GB, garbage size: 0.0 GB, space amp: 0.0

Uptime(secs): 0.1 total, 0.1 interval
Flush(GB): cumulative 0.000, interval 0.000
AddFile(GB): cumulative 0.000, interval 0.000
AddFile(Total Files): cumulative 0, interval 0
AddFile(L0 Files): cumulative 0, interval 0
AddFile(Keys): cumulative 0, interval 0
Cumulative compaction: 0.00 GB write, 4.53 MB/s write, 0.00 GB read, 0.00 MB/s read, 0.0 seconds
Interval compaction: 0.00 GB write, 4.53 MB/s write, 0.00 GB read, 0.00 MB/s read, 0.0 seconds
Write Stall (count): cf-l0-file-count-limit-delays-with-ongoing-compaction: 0, cf-l0-file-count-limit-stops-with-ongoing-compaction: 0, l0-file-count-limit-delays: 0, l0-file-count-limit-stops: 0, memtable-limit-delays: 0, memtable-limit-stops: 0, pending-compaction-bytes-delays: 0, pending-compaction-bytes-stops: 0, total-delays: 0, total-stops: 0, Block cache LRUCache@0000028F93AEAE30#12596 capacity: 8.00 MB usage: 4.76 KB table_size: 256 occupancy: 87 collections: 1 last_copies: 0 last_secs: 5.5e-05 secs_since: 0
Block cache entry stats(count,size,portion): DataBlock(4,4.33 KB,0.0528812%) Misc(1,0.00 KB,0%)

** File Read Latency Histogram By Level [default] **
2024/11/28-23:00:59.903544 180c [db/db_impl/db_impl.cc:490] Shutdown: canceling all background work
2024/11/28-23:00:59.925931 180c [db/db_impl/db_impl.cc:692] Shutdown complete
